Exported by CATT-Acoustic v9.1g
Copyright © CATT 1988-2022
PROJECT=RIR

Surface properties are coded using unique DXF color indices:

                  +------- Absorption coefficients [%] -------+ Model +------- Scattering coefficients [%] -------+- color -+----- (transmission coefficients [%]) -----+
Name              125   250   500    1k    2k    4k    8k   16k       125   250   500    1k    2k    4k    8k   16k  index  125   250   500    1k    2k    4k    8k   16k
-----------------------------------------------------------------------------------------------------------------------------------------------------------------------
WOODEN_DOOR      14.0  10.0   6.0   8.0  10.0  10.0  10.0  10.0  L   10.0  10.0  10.0  10.0  10.0  10.0  10.0  10.0    253
CHAIR            19.0  14.0   9.0   6.0   6.0   5.0   4.0   3.0  L   10.0  10.0  10.0  10.0  10.0  10.0  10.0  10.0     34
WALLPAPER_OWN     6.0  10.0  38.0  63.0  70.0  73.0  76.0  79.0  L   10.0  10.0  10.0  10.0  10.0  10.0  10.0  10.0     33
CONCRETE_OWN     19.0  19.0  17.0  14.0  13.0  12.0  11.0  10.0  L   10.0  10.0  10.0  10.0  10.0  10.0  10.0  10.0     40
COUCH_OWN        78.0  78.0  84.0  95.0  89.0  97.0  99.0  99.0  L   10.0  10.0  10.0  10.0  10.0  10.0  10.0  10.0      5
WOOD30           19.0  14.0   9.0   6.0   6.0   5.0   4.0   3.0  L   10.0  10.0  10.0  10.0  10.0  10.0  10.0  10.0     44
TILE_FLOOR        2.0   2.0   2.0   2.0   3.0   3.0   3.0   3.0  L   10.0  10.0  10.0  10.0  10.0  10.0  10.0  10.0    254
MATRESS_OWN      40.0  30.0  70.0  94.0  94.0  94.0  94.0  94.0  L   10.0  10.0  10.0  10.0  10.0  10.0  10.0  10.0    252
TV               45.0  63.0  65.0  80.0  85.0  85.0  85.0  85.0  L   13.5  19.1  27.0  38.2  54.0  76.3  99.0  99.0     72
GLASS_HEAVY      18.0   6.0   4.0   3.0   2.0   2.0   2.0   2.0  L   10.0  10.0  10.0  10.0  10.0  10.0  10.0  10.0    151
METALL           20.0  20.0  15.0   3.0   3.0   3.0   3.0   3.0  L   13.5  19.1  27.0  38.2  54.0  76.3  99.0  99.0    141
SHOWER_CURTAIN    7.0  31.0  49.0  81.0  66.0  54.0  42.0  30.0  L   10.0  10.0  10.0  10.0  10.0  10.0  10.0  10.0    243
ARMCHAIR         78.0  78.0  84.0  95.0  89.0  97.0  99.0  99.0  L   10.0  10.0  10.0  10.0  10.0  10.0  10.0  10.0    170
CEILING          12.0  12.0   9.0   6.0   6.0   4.0   2.0   1.0  L   10.0  10.0  10.0  10.0  10.0  10.0  10.0  10.0    111
TIMBER_FLOOR     11.0  11.0  12.0  11.0  10.0   8.0   6.0   4.0  L   10.0  10.0  10.0  10.0  10.0  10.0  10.0  10.0    191
WINDOW_CURTAIN    7.0  31.0  49.0  81.0  66.0  54.0  42.0  30.0  L   10.0  10.0  10.0  10.0  10.0  10.0  10.0  10.0    233
WINDOW1          35.0  25.0  18.0  12.0   7.0   4.0   1.0   1.0  L   10.0  10.0  10.0  10.0  10.0  10.0  10.0  10.0    161
LINOLEUM40        2.0   2.0   3.0   4.0   4.0   5.0   6.0   7.0  L   10.0  10.0  10.0  10.0  10.0  10.0  10.0  10.0     31
